0.785423
0.732828
0.504853
0.145965
0.657443
3.29343
0.191145
9.89338
3.55109
2.04716
3.04303
0.262523
2.15407
0.695533
0.251416
0.54803
0.60589
2.9217
1.10817
1.11208
2.11741
0.26481
0.643031
3.26739
2.62406
0.920769
0.734446
2.21732
1.14584
0.636186
0.186323
0.435417
0.51061
0.843387
0.156085
1.295
0.9341
0.930729
1.40519
3.67793
1.78292
1.30528
3.16579
4.02624
3.35136
1.10571
1.19141
2.22199
0.000128906
4.7456
1.11499
1.83201
0.942332
1.38461
0.421805
1.23791
2.13351
3.16762
0.106042
0.441953
0.358973
2.11331
3.79351
0.954426
1.05766
0.572274
0.25431
2.70316
0.809897
0.730742
1.18609
1.97737
0.619396
0.670213
1.47084
0.223491
2.17564
0.121536
1.96744
0.688013
0.507453
3.56334
1.49989
0.601934
3.05844
3.06272
0.153383
3.18314
0.402757
0.191538
0.497416
1.94951
2.00861
0.69723
1.08292
1.57445
2.74088
1.20874
6.23757
0.0254278
0.517484
2.21928
1.78846
0.679606
2.06528
0.519055
0.724087
4.24888
1.05505
3.8344
0.345171
0.475967
4.58907
2.78375
0.990615
2.13569
0.807833
3.85497
0.138908
0.853085
0.821756
0.402377
2.22457
0.14924
1.98606
0.777038
2.24481
2.33002
0.809979
0.00890207
1.21145
0.539273
1.26185
5.26674
3.80293
1.5214
1.51991
2.36604
1.57125
1.15811
0.350438
0.635314
2.12691
1.53787
5.10504
0.505937
1.1694
0.258615
1.89678
0.0680762
3.9277
0.709241
0.747444
3.82511
3.60162
3.05925
2.84621
0.61465
1.65741
4.58684
1.8383
0.976426
0.669801
2.06573
5.2232
2.0837
0.563946
1.68196
0.492234
0.23194
1.96472
0.280568
3.13103
1.47624
13.9331
0.753096
1.075
1.29928
0.0364668
1.50514
6.71076
2.37045
0.68983
2.01964
3.2946
5.17029
2.85094
0.29175
0.623092
0.546484
0.499636
1.73113
4.30795
1.5366
5.66646
0.970427
1.23878
0.00177458
0.698862
2.65085
1.33273
2.63869
0.222749
0.543159
0.817316
0.174167
1.46312
0.292068
3.73762
2.09343
0.410975
0.978575
1.21889
0.0603307
0.0593552
4.51391
0.995309
0.320283
2.12838
0.0626033
4.36105
3.23622
1.45999
0.538545
0.44977
6.18238
0.829156
2.95979
0.732981
0.846551
1.19209
1.22149
2.03218
0.194494
2.15266
7.82775
0.514061
4.13735
1.7145
2.24601
0.687567
2.69985
1.03014
2.18722
0.829889
1.21502
4.13252
6.57832
0.713337
